init_pose:
  x: 444256.37395304616
  y: 4426116.2525698012
  z: 25.486273469403386
  qx: -0.0076397798549731237
  qy: 0.0044357518519763661
  qz: -0.71794289542932055
  qw: -0.69604594444033585
